3 rem 1.0 1.0lineend
3 rem 2.0 2.0lineend
3 rem 3.0 3.0lineend
3 key 5.6 5.10
3 key 5.13 5.22
3 rem 5.46 5.46lineend
3 key 6.6 6.14
3 rem 7.0 7.0lineend
3 rem 9.39 9.39lineend
3 rem 12.0 12.0lineend
3 rem 13.0 13.0lineend
3 rem 14.0 14.0lineend
3 rem 15.0 15.0lineend
3 key 16.6 16.11
3 cont 17.5 17.6
3 cont 18.5 18.6
3 cont 19.5 19.6
3 cont 20.5 20.6
3 key 24.6 24.12
3 rem 26.0 26.0lineend
3 rem 27.0 27.0lineend
3 rem 28.0 28.0lineend
3 key 25.6 25.9
3 key 29.8 29.19
3 cont 30.5 30.6
3 rem 31.0 31.0lineend
3 key 32.1 32.10
3 key 32.10 32.14
3 key 33.1 33.9
3 rem 34.0 34.0lineend
3 rem 35.0 35.0lineend
3 key 36.8 36.15
3 key 37.1 37.11
3 key 38.8 38.15
3 key 39.1 39.8
3 key 40.1 40.8
3 key 41.1 41.5
3 key 42.1 42.5
3 key 43.1 43.5
3 rem 44.0 44.0lineend
3 rem 45.0 45.0lineend
3 rem 46.0 46.0lineend
3 rem 47.0 47.0lineend
3 rem 48.0 48.0lineend
3 rem 49.0 49.0lineend
3 rem 50.0 50.0lineend
3 rem 51.0 51.0lineend
3 rem 52.0 52.0lineend
3 rem 53.0 53.0lineend
3 rem 54.0 54.0lineend
3 rem 55.0 55.0lineend
3 key 56.1 56.8
3 key 57.8 57.15
3 key 58.1 58.8
3 key 59.1 59.8
3 key 60.8 60.12
3 key 61.1 61.5
3 key 62.1 62.5
3 key 63.1 63.5
3 key 64.1 64.5
3 key 65.8 65.12
3 key 66.1 66.5
3 key 67.1 67.5
3 key 68.8 68.12
3 rem 69.0 69.0lineend
3 rem 70.0 70.0lineend
3 key 71.8 71.12
3 key 72.1 72.5
3 key 73.8 73.12
3 rem 74.0 74.0lineend
3 key 75.8 75.14
3 key 76.8 76.15
3 key 77.1 77.8
3 key 78.8 78.15
3 cont 79.5 79.6
3 cont 80.5 80.6
3 key 81.1 81.8
3 key 82.8 82.15
3 key 83.1 83.8
3 key 84.8 84.14
3 rem 85.0 85.0lineend
3 key 90.1 90.4
3 key 95.1 95.4
3 key 95.18 95.22
3 key 97.4 97.9
3 key 98.4 98.9
3 key 99.4 99.9
3 key 100.4 100.9
3 key 101.4 101.9
3 key 102.4 102.9
3 key 103.1 103.6
3 key 104.1 104.4
3 key 104.18 104.22
3 key 106.4 106.9
3 key 107.4 107.9
3 key 108.4 108.9
3 key 109.4 109.9
3 key 110.4 110.9
3 key 111.4 111.9
3 key 112.1 112.6
3 key 113.1 113.4
3 key 113.18 113.22
3 key 115.4 115.9
3 key 116.4 116.9
3 key 117.4 117.9
3 key 118.4 118.9
3 key 119.4 119.9
3 key 120.4 120.9
3 key 121.1 121.6
3 key 122.1 122.4
3 key 122.19 122.23
3 key 124.4 124.9
3 key 125.4 125.9
3 key 126.4 126.9
3 key 127.4 127.9
3 key 128.4 128.9
3 key 129.4 129.9
3 rem 131.0 131.0lineend
3 rem 132.0 132.0lineend
3 key 130.1 130.6
3 key 133.8 133.13
3 key 134.1 134.4
3 key 134.18 134.23
3 key 135.1 135.4
3 key 135.18 135.23
3 key 136.8 136.11
3 rem 137.0 137.0lineend
3 rem 138.0 138.0lineend
3 key 139.11 139.14
3 key 139.28 139.32
3 key 140.14 140.17
3 key 140.37 140.42
3 key 141.9 141.12
3 key 141.40 141.44
3 key 144.12 144.17
3 key 145.9 145.14
3 key 146.7 146.11
3 key 147.9 147.12
3 cont 148.5 148.6
3 key 148.61 148.65
3 key 153.5 153.8
3 cont 155.5 155.6
3 key 156.12 156.17
3 key 157.16 157.21
3 key 158.7 158.12
3 rem 160.0 160.0lineend
3 key 159.4 159.9
3 key 161.11 161.16
3 key 163.4 163.7
3 key 163.24 163.28
3 key 167.4 167.9
3 key 168.4 168.7
3 key 168.24 168.28
3 key 172.8 172.13
3 key 173.4 173.9
3 key 174.4 174.7
3 key 174.24 174.28
3 key 178.8 178.13
3 key 179.8 179.13
3 key 180.4 180.9
3 key 181.4 181.7
3 key 181.24 181.28
3 key 185.8 185.13
3 key 186.8 186.13
3 key 187.4 187.9
3 key 188.4 188.7
3 key 188.24 188.28
3 key 192.8 192.13
3 key 193.8 193.13
3 key 194.4 194.9
3 key 195.4 195.7
3 key 195.24 195.28
3 key 199.8 199.13
3 key 200.8 200.13
3 key 201.4 201.9
3 key 202.4 202.7
3 key 202.24 202.28
3 key 206.8 206.13
3 key 207.8 207.13
3 key 208.4 208.9
3 key 209.4 209.7
3 key 209.24 209.28
3 key 213.8 213.13
3 key 214.8 214.13
3 key 215.4 215.9
3 key 216.4 216.7
3 key 216.24 216.28
3 key 220.8 220.13
3 rem 222.0 222.0lineend
3 rem 223.0 223.0lineend
3 rem 224.0 224.0lineend
3 key 221.4 221.9
3 key 225.11 225.14
3 rem 226.0 226.0lineend
3 key 225.28 225.32
3 key 227.8 227.11
3 key 228.8 228.11
3 cont 229.5 229.6
3 key 230.8 230.11
3 cont 231.5 231.6
3 key 232.8 232.11
3 rem 233.0 233.0lineend
3 key 234.8 234.11
3 cont 235.5 235.6
3 key 235.42 235.46
3 key 241.4 241.9
3 key 242.8 242.13
3 key 243.4 243.9
3 key 244.11 244.14
3 rem 245.0 245.0lineend
3 key 244.28 244.32
3 key 246.8 246.11
3 key 247.8 247.11
3 cont 248.5 248.6
3 key 249.8 249.11
3 cont 250.5 250.6
3 key 251.8 251.11
3 cont 252.5 252.6
3 key 253.8 253.11
3 cont 254.5 254.6
3 key 255.8 255.11
3 cont 256.5 256.6
3 key 257.8 257.11
3 key 258.8 258.11
3 rem 259.0 259.0lineend
3 key 260.8 260.11
3 cont 261.5 261.6
3 key 261.42 261.46
3 key 267.4 267.9
3 key 268.8 268.13
3 key 269.4 269.9
3 key 270.11 270.14
3 rem 271.0 271.0lineend
3 key 270.28 270.32
3 key 272.8 272.11
3 key 273.8 273.11
3 cont 274.5 274.6
3 key 275.8 275.11
3 cont 276.5 276.6
3 key 277.8 277.11
3 cont 278.5 278.6
3 key 279.8 279.11
3 cont 280.5 280.6
3 key 281.8 281.11
3 rem 282.0 282.0lineend
3 key 283.8 283.11
3 cont 284.5 284.6
3 key 284.42 284.46
3 key 290.4 290.9
3 key 291.8 291.13
3 key 292.11 292.16
3 key 293.11 293.14
3 rem 294.0 294.0lineend
3 key 293.28 293.32
3 key 295.8 295.11
3 key 296.8 296.11
3 cont 297.5 297.6
3 key 298.8 298.11
3 cont 299.5 299.6
3 key 300.8 300.11
3 cont 301.5 301.6
3 key 302.8 302.11
3 cont 303.5 303.6
3 key 304.8 304.11
3 cont 305.5 305.6
3 key 306.8 306.11
3 rem 307.0 307.0lineend
3 key 308.8 308.11
3 cont 309.5 309.6
3 key 309.42 309.46
3 key 315.4 315.9
3 key 316.8 316.13
3 key 317.4 317.9
3 key 318.11 318.14
3 rem 319.0 319.0lineend
3 key 318.28 318.32
3 rem 323.0 323.0lineend
3 key 324.8 324.11
3 key 324.52 324.56
3 key 330.4 330.9
3 key 331.8 331.13
3 key 332.8 332.11
3 key 332.51 332.55
3 key 338.4 338.9
3 key 339.8 339.13
3 key 340.8 340.11
3 key 340.50 340.54
3 key 346.4 346.9
3 key 347.8 347.13
3 key 348.4 348.9
3 key 349.11 349.14
3 rem 350.0 350.0lineend
3 key 349.28 349.32
3 rem 355.0 355.0lineend
3 key 356.8 356.11
3 key 356.52 356.56
3 key 362.4 362.9
3 key 363.8 363.13
3 key 364.8 364.11
3 key 364.54 364.58
3 key 370.4 370.9
3 key 371.8 371.13
3 key 372.8 372.11
3 key 372.55 372.59
3 key 378.4 378.9
3 key 379.8 379.13
3 key 380.8 380.11
3 key 380.55 380.59
3 key 386.4 386.9
3 key 387.8 387.13
3 key 388.4 388.9
3 key 389.11 389.14
3 rem 390.0 390.0lineend
3 key 389.28 389.32
3 key 395.4 395.9
3 key 396.11 396.14
3 rem 397.0 397.0lineend
3 key 396.28 396.32
3 rem 404.0 404.0lineend
3 key 405.8 405.11
3 key 405.51 405.55
3 key 411.4 411.9
3 key 412.8 412.13
3 key 413.8 413.11
3 key 413.53 413.57
3 key 419.4 419.9
3 key 420.8 420.13
3 key 421.8 421.11
3 key 421.53 421.57
3 key 427.4 427.9
3 key 428.8 428.13
3 key 429.8 429.11
3 key 429.53 429.57
3 key 435.4 435.9
3 key 436.8 436.13
3 key 437.8 437.11
3 key 437.53 437.57
3 key 443.4 443.9
3 key 444.8 444.13
3 key 445.8 445.11
3 key 445.53 445.57
3 key 451.4 451.9
3 key 452.8 452.13
3 key 453.4 453.9
3 key 454.11 454.14
3 rem 455.0 455.0lineend
3 key 454.29 454.33
3 rem 463.0 463.0lineend
3 key 462.4 462.9
3 key 464.11 464.14
3 rem 465.0 465.0lineend
3 key 464.29 464.33
3 rem 477.0 477.0lineend
3 key 476.4 476.9
3 key 478.11 478.14
3 rem 479.0 479.0lineend
3 key 478.29 478.33
3 key 483.8 483.13
3 cont 484.5 484.6
3 rem 492.0 492.0lineend
3 key 491.4 491.9
3 key 493.11 493.16
3 cont 494.5 494.6
3 key 495.11 495.14
3 key 495.63 495.67
3 key 497.14 497.19
3 cont 498.5 498.6
3 key 499.4 499.9
3 key 501.11 501.19
3 key 502.11 502.16
3 cont 503.5 503.6
3 key 504.11 504.16
3 key 505.11 505.16
3 key 506.11 506.16
3 key 507.11 507.16
3 key 508.11 508.16
3 key 510.11 510.14
3 key 511.11 511.14
3 key 512.1 512.6
3 rem 514.0 514.0lineend
3 rem 515.0 515.0lineend
3 rem 516.0 516.0lineend
3 key 513.1 513.4
3 key 518.6 518.10
3 key 518.13 518.22
3 rem 518.62 518.62lineend
3 key 519.6 519.14
3 rem 520.0 520.0lineend
3 rem 522.39 522.39lineend
3 rem 525.0 525.0lineend
3 rem 526.0 526.0lineend
3 rem 527.0 527.0lineend
3 key 528.6 528.11
3 cont 529.5 529.6
3 cont 530.5 530.6
3 cont 531.5 531.6
3 cont 532.5 532.6
3 cont 533.5 533.6
3 key 537.6 537.12
3 rem 539.0 539.0lineend
3 rem 540.0 540.0lineend
3 rem 541.0 541.0lineend
3 key 538.6 538.9
3 key 542.8 542.19
3 cont 543.5 543.6
3 cont 544.5 544.6
3 rem 545.0 545.0lineend
3 key 546.1 546.10
3 key 546.10 546.14
3 key 547.1 547.9
3 rem 548.0 548.0lineend
3 rem 549.0 549.0lineend
3 key 550.8 550.15
3 key 551.1 551.11
3 key 552.1 552.11
3 key 553.8 553.15
3 key 554.1 554.8
3 key 555.1 555.8
3 key 556.1 556.5
3 key 557.1 557.5
3 key 558.1 558.5
3 key 559.1 559.5
3 rem 560.0 560.0lineend
3 rem 561.0 561.0lineend
3 rem 562.0 562.0lineend
3 rem 563.0 563.0lineend
3 rem 564.0 564.0lineend
3 rem 565.0 565.0lineend
3 rem 566.0 566.0lineend
3 rem 567.0 567.0lineend
3 rem 568.0 568.0lineend
3 rem 569.0 569.0lineend
3 rem 570.0 570.0lineend
3 rem 571.0 571.0lineend
3 rem 572.0 572.0lineend
3 key 573.1 573.8
3 key 574.8 574.15
3 key 575.1 575.8
3 key 576.1 576.8
3 key 577.8 577.12
3 key 578.1 578.5
3 key 579.1 579.5
3 key 580.1 580.5
3 key 581.1 581.5
3 key 582.8 582.12
3 key 583.1 583.5
3 key 584.1 584.5
3 key 585.8 585.12
3 rem 586.0 586.0lineend
3 rem 587.0 587.0lineend
3 key 588.8 588.12
3 key 589.1 589.5
3 key 590.8 590.12
3 rem 591.0 591.0lineend
3 key 592.8 592.14
3 key 593.8 593.15
3 key 594.1 594.8
3 key 595.8 595.15
3 cont 596.5 596.6
3 cont 597.5 597.6
3 key 598.1 598.8
3 key 599.8 599.15
3 key 600.1 600.8
3 key 601.8 601.14
3 rem 602.0 602.0lineend
3 key 606.1 606.4
3 key 611.1 611.4
3 key 611.18 611.22
3 key 613.4 613.9
3 key 614.4 614.9
3 key 615.4 615.9
3 key 616.4 616.9
3 key 617.4 617.9
3 key 618.4 618.9
3 key 619.1 619.6
3 key 620.1 620.4
3 key 620.18 620.22
3 key 622.4 622.9
3 key 623.4 623.9
3 key 624.4 624.9
3 key 625.4 625.9
3 key 626.4 626.9
3 key 627.4 627.9
3 key 628.1 628.6
3 key 629.1 629.4
3 key 629.18 629.22
3 key 631.4 631.9
3 key 632.4 632.9
3 key 633.4 633.9
3 key 634.4 634.9
3 key 635.4 635.9
3 key 636.4 636.9
3 key 637.1 637.6
3 key 638.1 638.4
3 key 638.19 638.23
3 key 640.4 640.9
3 key 641.4 641.9
3 key 642.4 642.9
3 key 643.4 643.9
3 key 644.4 644.9
3 key 645.4 645.9
3 rem 647.0 647.0lineend
3 key 646.1 646.6
3 key 648.8 648.13
3 key 649.1 649.4
3 key 649.18 649.23
3 key 650.1 650.4
3 key 650.18 650.23
3 key 651.8 651.11
3 rem 652.0 652.0lineend
3 rem 653.0 653.0lineend
3 key 654.11 654.14
3 key 654.28 654.32
3 key 655.14 655.17
3 key 655.37 655.42
3 key 656.9 656.12
3 key 656.40 656.44
3 key 659.12 659.17
3 key 660.9 660.14
3 key 661.7 661.11
3 key 662.9 662.12
3 cont 663.5 663.6
3 key 663.61 663.65
3 key 668.5 668.8
3 cont 670.5 670.6
3 key 671.12 671.17
3 key 672.16 672.21
3 key 673.7 673.12
3 rem 675.0 675.0lineend
3 key 674.4 674.9
3 key 676.11 676.16
3 key 678.4 678.7
3 key 678.24 678.28
3 key 682.4 682.9
3 key 683.4 683.7
3 key 683.24 683.28
3 key 687.8 687.13
3 key 688.4 688.9
3 key 689.4 689.7
3 key 689.24 689.28
3 key 693.8 693.13
3 key 694.8 694.13
3 key 695.4 695.9
3 key 696.4 696.7
3 key 696.24 696.28
3 key 700.8 700.13
3 key 701.8 701.13
3 key 702.4 702.9
3 key 703.4 703.7
3 key 703.24 703.28
3 key 707.8 707.13
3 key 708.8 708.13
3 key 709.4 709.9
3 key 710.4 710.7
3 key 710.24 710.28
3 key 714.8 714.13
3 key 715.8 715.13
3 key 716.4 716.9
3 key 717.4 717.7
3 key 717.24 717.28
3 key 721.8 721.13
3 key 722.8 722.13
3 key 723.4 723.9
3 key 724.4 724.7
3 key 724.24 724.28
3 key 728.8 728.13
3 key 729.8 729.13
3 key 730.4 730.9
3 key 731.4 731.7
3 key 731.24 731.28
3 key 735.8 735.13
3 rem 737.0 737.0lineend
3 rem 738.0 738.0lineend
3 rem 739.0 739.0lineend
3 key 736.4 736.9
3 key 740.11 740.14
3 rem 741.0 741.0lineend
3 key 740.28 740.32
3 key 742.8 742.11
3 key 743.8 743.11
3 cont 744.5 744.6
3 key 745.8 745.11
3 cont 746.5 746.6
3 key 747.8 747.11
3 rem 748.0 748.0lineend
3 key 749.8 749.11
3 cont 750.5 750.6
3 key 750.42 750.46
3 key 751.11 751.14
3 key 756.4 756.9
3 key 758.4 758.9
3 key 759.8 759.13
3 key 760.4 760.9
3 key 761.11 761.14
3 rem 762.0 762.0lineend
3 key 761.28 761.32
3 key 763.8 763.11
3 key 764.8 764.11
3 cont 765.5 765.6
3 key 766.8 766.11
3 cont 767.5 767.6
3 key 768.8 768.11
3 cont 769.5 769.6
3 key 770.8 770.11
3 cont 771.5 771.6
3 key 772.8 772.11
3 cont 773.5 773.6
3 key 774.8 774.11
3 key 775.8 775.11
3 rem 776.0 776.0lineend
3 key 777.8 777.11
3 cont 778.5 778.6
3 key 778.42 778.46
3 key 779.11 779.14
3 key 784.4 784.9
3 key 786.4 786.9
3 key 787.8 787.13
3 key 788.4 788.9
3 key 789.11 789.14
3 rem 790.0 790.0lineend
3 key 789.28 789.32
3 key 791.8 791.11
3 key 792.8 792.11
3 cont 793.5 793.6
3 key 794.8 794.11
3 cont 795.5 795.6
3 key 796.8 796.11
3 cont 797.5 797.6
3 key 798.8 798.11
3 cont 799.5 799.6
3 key 800.8 800.11
3 rem 801.0 801.0lineend
3 key 802.8 802.11
3 cont 803.5 803.6
3 key 803.42 803.46
3 key 804.11 804.14
3 key 809.4 809.9
3 key 811.4 811.9
3 key 812.8 812.13
3 key 813.11 813.16
3 key 814.11 814.14
3 rem 815.0 815.0lineend
3 key 814.28 814.32
3 key 816.8 816.11
3 key 817.8 817.11
3 cont 818.5 818.6
3 key 819.8 819.11
3 cont 820.5 820.6
3 key 821.8 821.11
3 cont 822.5 822.6
3 key 823.8 823.11
3 cont 824.5 824.6
3 key 825.8 825.11
3 cont 826.5 826.6
3 key 827.8 827.11
3 rem 828.0 828.0lineend
3 key 829.8 829.11
3 cont 830.5 830.6
3 key 830.42 830.46
3 key 831.11 831.14
3 key 836.4 836.9
3 key 838.4 838.9
3 key 839.8 839.13
3 key 840.5 840.10
3 key 841.11 841.14
3 rem 842.0 842.0lineend
3 key 841.28 841.32
3 rem 846.0 846.0lineend
3 key 847.8 847.11
3 key 847.52 847.56
3 key 848.11 848.14
3 key 853.4 853.9
3 key 855.4 855.9
3 key 856.8 856.13
3 key 857.8 857.11
3 key 857.51 857.55
3 key 858.11 858.14
3 key 863.4 863.9
3 key 865.4 865.9
3 key 866.8 866.13
3 key 867.8 867.11
3 key 867.50 867.54
3 key 868.11 868.14
3 key 873.4 873.9
3 key 875.4 875.9
3 key 876.8 876.13
3 key 877.4 877.9
3 key 878.11 878.14
3 rem 879.0 879.0lineend
3 key 878.28 878.32
3 rem 884.0 884.0lineend
3 key 885.8 885.11
3 key 885.52 885.56
3 key 886.11 886.14
3 key 891.4 891.9
3 key 893.4 893.9
3 key 894.8 894.13
3 key 895.8 895.11
3 key 895.54 895.58
3 key 896.11 896.14
3 key 901.4 901.9
3 key 903.4 903.9
3 key 904.8 904.13
3 key 905.8 905.11
3 key 905.55 905.59
3 key 906.11 906.14
3 key 911.4 911.9
3 key 913.4 913.9
3 key 914.8 914.13
3 key 915.8 915.11
3 key 915.55 915.59
3 key 916.11 916.14
3 key 921.4 921.9
3 key 923.4 923.9
3 key 924.8 924.13
3 key 925.4 925.9
3 key 926.11 926.14
3 rem 927.0 927.0lineend
3 key 926.28 926.32
3 key 932.4 932.9
3 key 933.11 933.14
3 rem 934.0 934.0lineend
3 key 933.28 933.32
3 rem 941.0 941.0lineend
3 key 942.8 942.11
3 key 942.51 942.55
3 key 943.11 943.14
3 key 948.4 948.9
3 key 950.4 950.9
3 key 951.8 951.13
3 key 952.8 952.11
3 key 952.53 952.57
3 key 953.11 953.14
3 key 958.4 958.9
3 key 960.4 960.9
3 key 961.8 961.13
3 key 962.8 962.11
3 key 962.53 962.57
3 key 963.11 963.14
3 key 968.4 968.9
3 key 970.4 970.9
3 key 971.8 971.13
3 key 972.8 972.11
3 key 972.53 972.57
3 key 973.11 973.14
3 key 978.4 978.9
3 key 980.4 980.9
3 key 981.8 981.13
3 key 982.8 982.11
3 key 982.53 982.57
3 key 983.11 983.14
3 key 988.4 988.9
3 key 990.4 990.9
3 key 991.8 991.13
3 key 992.8 992.11
3 key 992.53 992.57
3 key 993.11 993.14
3 key 998.4 998.9
3 key 1000.4 1000.9
3 key 1001.8 1001.13
3 key 1002.4 1002.9
3 key 1003.11 1003.14
3 rem 1004.0 1004.0lineend
3 key 1003.29 1003.33
3 rem 1012.0 1012.0lineend
3 key 1011.4 1011.9
3 key 1013.11 1013.14
3 rem 1014.0 1014.0lineend
3 key 1013.29 1013.33
3 rem 1026.0 1026.0lineend
3 key 1025.4 1025.9
3 key 1027.11 1027.14
3 rem 1028.0 1028.0lineend
3 key 1027.29 1027.33
3 key 1032.8 1032.13
3 cont 1033.5 1033.6
3 rem 1041.0 1041.0lineend
3 rem 1042.0 1042.0lineend
3 key 1040.4 1040.9
3 key 1045.11 1045.16
3 cont 1046.5 1046.6
3 cont 1047.5 1047.6
3 cont 1048.5 1048.6
3 key 1050.11 1050.14
3 key 1051.13 1051.16
3 key 1051.39 1051.44
3 key 1052.16 1052.21
3 cont 1053.5 1053.6
3 key 1054.9 1054.14
3 cont 1055.5 1055.6
3 key 1056.13 1056.17
3 key 1061.6 1061.11
3 key 1062.6 1062.9
3 key 1062.27 1062.31
3 key 1064.15 1064.20
3 cont 1065.5 1065.6
3 cont 1066.5 1066.6
3 cont 1067.5 1067.6
3 key 1068.13 1068.17
3 key 1073.6 1073.11
3 key 1074.11 1074.16
3 key 1075.11 1075.19
3 key 1076.11 1076.16
3 cont 1077.5 1077.6
3 key 1078.11 1078.16
3 key 1079.11 1079.16
3 key 1080.11 1080.16
3 key 1081.11 1081.16
3 key 1082.11 1082.16
3 key 1084.11 1084.14
3 key 1085.11 1085.14
3 key 1086.1 1086.6
3 rem 1088.0 1088.0lineend
3 rem 1089.0 1089.0lineend
3 key 1087.1 1087.4
3 key 1091.6 1091.10
3 key 1091.13 1091.22
3 rem 1091.45 1091.45lineend
3 key 1092.6 1092.14
3 rem 1094.39 1094.39lineend
3 rem 1097.0 1097.0lineend
3 rem 1098.0 1098.0lineend
3 rem 1099.0 1099.0lineend
3 rem 1100.0 1100.0lineend
3 key 1101.6 1101.11
3 cont 1102.5 1102.6
3 key 1106.6 1106.12
3 rem 1108.0 1108.0lineend
3 rem 1109.0 1109.0lineend
3 rem 1110.0 1110.0lineend
3 key 1107.6 1107.9
3 key 1111.8 1111.19
3 cont 1112.5 1112.6
3 rem 1113.0 1113.0lineend
3 key 1114.1 1114.10
3 key 1114.10 1114.14
3 key 1115.1 1115.9
3 rem 1116.0 1116.0lineend
3 rem 1117.0 1117.0lineend
3 key 1118.8 1118.15
3 key 1119.1 1119.11
3 key 1120.8 1120.15
3 key 1121.1 1121.8
3 key 1122.1 1122.8
3 rem 1123.0 1123.0lineend
3 rem 1124.0 1124.0lineend
3 key 1125.1 1125.8
3 key 1126.8 1126.15
3 key 1127.1 1127.8
3 key 1128.8 1128.12
3 key 1129.1 1129.5
3 key 1130.8 1130.12
3 key 1131.8 1131.12
3 rem 1132.0 1132.0lineend
3 rem 1133.0 1133.0lineend
3 key 1134.8 1134.12
3 rem 1135.0 1135.0lineend
3 key 1136.8 1136.14
3 key 1137.8 1137.15
3 rem 1138.0 1138.0lineend
3 key 1141.1 1141.4
3 key 1141.18 1141.22
3 key 1143.4 1143.9
3 key 1144.4 1144.9
3 key 1145.4 1145.9
3 key 1146.4 1146.9
3 key 1147.4 1147.9
3 key 1148.4 1148.9
3 key 1149.1 1149.6
3 key 1150.1 1150.4
3 key 1150.18 1150.22
3 key 1152.4 1152.9
3 key 1153.4 1153.9
3 key 1154.4 1154.9
3 key 1155.4 1155.9
3 key 1156.4 1156.9
3 key 1157.4 1157.9
3 rem 1159.0 1159.0lineend
3 key 1158.1 1158.6
3 key 1160.8 1160.13
3 key 1161.1 1161.4
3 key 1161.18 1161.23
3 key 1162.1 1162.4
3 key 1162.18 1162.23
3 key 1163.8 1163.11
3 rem 1164.0 1164.0lineend
3 rem 1165.0 1165.0lineend
3 key 1166.11 1166.14
3 key 1166.28 1166.32
3 key 1167.14 1167.17
3 key 1167.37 1167.42
3 key 1168.9 1168.12
3 key 1168.40 1168.44
3 key 1171.12 1171.17
3 key 1172.9 1172.14
3 key 1173.7 1173.11
3 key 1174.9 1174.12
3 cont 1175.5 1175.6
3 key 1175.61 1175.65
3 key 1180.5 1180.8
3 cont 1182.5 1182.6
3 key 1183.12 1183.17
3 key 1184.16 1184.21
3 key 1185.7 1185.12
3 key 1186.4 1186.9
3 key 1187.4 1187.7
3 rem 1187.29 1187.29lineend
3 key 1187.25 1187.30
3 key 1188.7 1188.10
3 key 1188.37 1188.41
3 key 1190.7 1190.11
3 key 1192.7 1192.12
3 key 1193.4 1193.8
3 key 1194.7 1194.10
3 key 1194.35 1194.39
3 key 1196.7 1196.11
3 key 1198.7 1198.12
3 key 1199.4 1199.9
3 key 1200.1 1200.6
3 rem 1202.0 1202.0lineend
3 rem 1203.0 1203.0lineend
3 key 1201.1 1201.4
3 key 1205.6 1205.10
3 key 1205.13 1205.22
3 rem 1205.47 1205.47lineend
3 key 1206.6 1206.14
3 rem 1207.0 1207.0lineend
3 rem 1209.39 1209.39lineend
3 rem 1212.0 1212.0lineend
3 rem 1213.0 1213.0lineend
3 rem 1214.0 1214.0lineend
3 rem 1215.0 1215.0lineend
3 key 1216.6 1216.11
3 cont 1217.5 1217.6
3 cont 1218.5 1218.6
3 cont 1219.5 1219.6
3 cont 1220.5 1220.6
3 key 1224.6 1224.12
3 rem 1226.0 1226.0lineend
3 rem 1227.0 1227.0lineend
3 rem 1228.0 1228.0lineend
3 key 1225.6 1225.9
3 key 1229.8 1229.19
3 cont 1230.5 1230.6
3 rem 1231.0 1231.0lineend
3 key 1232.1 1232.10
3 key 1232.10 1232.14
3 key 1233.1 1233.9
3 rem 1234.0 1234.0lineend
3 rem 1235.0 1235.0lineend
3 key 1236.8 1236.15
3 key 1237.8 1237.15
3 key 1238.1 1238.8
3 key 1239.1 1239.8
3 key 1240.1 1240.5
3 key 1241.1 1241.5
3 key 1242.1 1242.5
3 rem 1243.0 1243.0lineend
3 rem 1244.0 1244.0lineend
3 key 1245.1 1245.8
3 key 1246.8 1246.15
3 key 1247.1 1247.8
3 key 1248.1 1248.8
3 key 1249.8 1249.12
3 key 1250.1 1250.5
3 key 1251.1 1251.5
3 key 1252.1 1252.5
3 key 1253.1 1253.5
3 key 1254.8 1254.12
3 key 1255.1 1255.5
3 key 1256.1 1256.5
3 key 1257.8 1257.12
3 rem 1258.0 1258.0lineend
3 rem 1259.0 1259.0lineend
3 key 1260.8 1260.15
3 key 1261.8 1261.12
3 key 1262.8 1262.12
3 key 1263.1 1263.5
3 rem 1264.0 1264.0lineend
3 key 1265.8 1265.14
3 key 1266.8 1266.15
3 key 1267.1 1267.8
3 key 1268.8 1268.15
3 cont 1269.5 1269.6
3 cont 1270.5 1270.6
3 key 1271.1 1271.8
3 key 1272.1 1272.8
3 key 1273.8 1273.14
3 rem 1274.0 1274.0lineend
3 rem 1279.0 1279.0lineend
3 key 1280.1 1280.4
3 key 1280.18 1280.22
3 key 1282.4 1282.9
3 key 1283.4 1283.9
3 key 1284.4 1284.9
3 key 1285.4 1285.9
3 key 1286.4 1286.9
3 key 1287.4 1287.9
3 key 1288.1 1288.6
3 key 1289.1 1289.4
3 key 1289.18 1289.22
3 key 1291.4 1291.9
3 key 1292.4 1292.9
3 key 1293.4 1293.9
3 key 1294.4 1294.9
3 key 1295.4 1295.9
3 key 1296.4 1296.9
3 key 1297.1 1297.6
3 key 1298.1 1298.4
3 key 1298.18 1298.22
3 key 1300.4 1300.9
3 key 1301.4 1301.9
3 key 1302.4 1302.9
3 key 1303.4 1303.9
3 key 1304.4 1304.9
3 key 1305.4 1305.9
3 key 1306.1 1306.6
3 key 1307.1 1307.4
3 key 1307.19 1307.23
3 key 1309.4 1309.9
3 key 1310.4 1310.9
3 key 1311.4 1311.9
3 key 1312.4 1312.9
3 key 1313.4 1313.9
3 key 1314.4 1314.9
3 rem 1316.0 1316.0lineend
3 key 1315.1 1315.6
3 key 1317.8 1317.13
3 key 1318.1 1318.4
3 key 1318.18 1318.23
3 key 1319.1 1319.4
3 key 1319.18 1319.23
3 key 1320.8 1320.11
3 key 1320.25 1320.29
3 key 1321.11 1321.14
3 key 1321.34 1321.39
3 key 1322.7 1322.10
3 key 1322.32 1322.36
3 key 1325.10 1325.15
3 key 1326.7 1326.12
3 key 1327.4 1327.8
3 key 1328.7 1328.10
3 cont 1329.5 1329.6
3 key 1329.53 1329.57
3 key 1334.10 1334.13
3 cont 1336.5 1336.6
3 key 1337.10 1337.15
3 key 1338.14 1338.19
3 key 1339.4 1339.9
3 rem 1341.0 1341.0lineend
3 key 1340.1 1340.6
3 key 1342.8 1342.13
3 key 1344.1 1344.4
3 key 1344.21 1344.25
3 key 1348.1 1348.6
3 key 1349.1 1349.4
3 key 1349.21 1349.25
3 key 1353.5 1353.10
3 key 1354.8 1354.13
3 key 1355.1 1355.4
3 key 1355.21 1355.25
3 key 1359.5 1359.10
3 key 1360.5 1360.10
3 key 1361.1 1361.6
3 key 1362.1 1362.4
3 key 1362.21 1362.25
3 key 1366.5 1366.10
3 key 1367.5 1367.10
3 key 1368.1 1368.6
3 key 1369.1 1369.4
3 key 1369.21 1369.25
3 key 1373.5 1373.10
3 key 1374.5 1374.10
3 key 1375.1 1375.6
3 key 1376.1 1376.4
3 key 1376.21 1376.25
3 key 1380.5 1380.10
3 key 1381.5 1381.10
3 key 1382.1 1382.6
3 key 1383.1 1383.4
3 key 1383.21 1383.25
3 key 1387.5 1387.10
3 key 1388.5 1388.10
3 key 1389.1 1389.6
3 key 1390.1 1390.4
3 key 1390.21 1390.25
3 key 1394.5 1394.10
3 key 1395.5 1395.10
3 key 1396.1 1396.6
3 key 1397.1 1397.4
3 key 1397.21 1397.25
3 key 1401.5 1401.10
3 rem 1403.0 1403.0lineend
3 rem 1404.0 1404.0lineend
3 rem 1405.0 1405.0lineend
3 key 1402.1 1402.6
3 key 1406.8 1406.11
3 rem 1407.0 1407.0lineend
3 key 1406.25 1406.29
3 key 1408.5 1408.8
3 key 1409.5 1409.8
3 cont 1410.5 1410.6
3 key 1411.5 1411.8
3 cont 1412.5 1412.6
3 key 1413.5 1413.8
3 rem 1414.0 1414.0lineend
3 key 1415.5 1415.8
3 cont 1416.5 1416.6
3 key 1416.34 1416.38
3 key 1421.8 1421.14
3 key 1422.5 1422.10
3 key 1423.1 1423.6
3 key 1424.8 1424.11
3 rem 1425.0 1425.0lineend
3 key 1424.25 1424.29
3 key 1426.5 1426.8
3 key 1427.5 1427.8
3 cont 1428.5 1428.6
3 key 1429.5 1429.8
3 cont 1430.5 1430.6
3 key 1431.5 1431.8
3 cont 1432.5 1432.6
3 key 1433.5 1433.8
3 cont 1434.5 1434.6
3 key 1435.5 1435.8
3 cont 1436.5 1436.6
3 key 1437.5 1437.8
3 key 1438.5 1438.8
3 rem 1439.0 1439.0lineend
3 key 1440.5 1440.8
3 cont 1441.5 1441.6
3 key 1441.34 1441.38
3 key 1446.8 1446.14
3 key 1447.5 1447.10
3 key 1448.1 1448.6
3 key 1449.8 1449.11
3 rem 1450.0 1450.0lineend
3 key 1449.25 1449.29
3 key 1451.5 1451.8
3 key 1452.5 1452.8
3 cont 1453.5 1453.6
3 key 1454.5 1454.8
3 cont 1455.5 1455.6
3 key 1456.5 1456.8
3 cont 1457.5 1457.6
3 key 1458.5 1458.8
3 cont 1459.5 1459.6
3 key 1460.5 1460.8
3 rem 1461.0 1461.0lineend
3 key 1462.5 1462.8
3 cont 1463.5 1463.6
3 key 1463.34 1463.38
3 key 1468.8 1468.14
3 key 1469.5 1469.10
3 key 1470.8 1470.13
3 key 1471.8 1471.11
3 rem 1472.0 1472.0lineend
3 key 1471.25 1471.29
3 key 1473.5 1473.8
3 key 1474.5 1474.8
3 cont 1475.5 1475.6
3 key 1476.5 1476.8
3 cont 1477.5 1477.6
3 key 1478.5 1478.8
3 cont 1479.5 1479.6
3 key 1480.5 1480.8
3 cont 1481.5 1481.6
3 key 1482.5 1482.8
3 cont 1483.5 1483.6
3 key 1484.5 1484.8
3 rem 1485.0 1485.0lineend
3 key 1486.5 1486.8
3 cont 1487.5 1487.6
3 key 1487.34 1487.38
3 key 1492.8 1492.14
3 key 1493.5 1493.10
3 key 1494.1 1494.6
3 key 1495.8 1495.11
3 rem 1496.0 1496.0lineend
3 key 1495.25 1495.29
3 rem 1500.0 1500.0lineend
3 key 1501.5 1501.8
3 key 1501.49 1501.53
3 key 1506.8 1506.14
3 key 1507.5 1507.10
3 key 1508.5 1508.8
3 key 1508.48 1508.52
3 key 1513.8 1513.14
3 key 1514.5 1514.10
3 key 1515.5 1515.8
3 key 1515.47 1515.51
3 key 1520.8 1520.14
3 key 1521.5 1521.10
3 key 1522.1 1522.6
3 key 1523.8 1523.11
3 rem 1524.0 1524.0lineend
3 key 1523.25 1523.29
3 rem 1529.0 1529.0lineend
3 key 1530.5 1530.8
3 key 1530.49 1530.53
3 key 1535.8 1535.14
3 key 1536.5 1536.10
3 key 1537.5 1537.8
3 key 1537.51 1537.55
3 key 1542.8 1542.14
3 key 1543.5 1543.10
3 key 1544.5 1544.8
3 key 1544.52 1544.56
3 key 1549.8 1549.14
3 key 1550.5 1550.10
3 key 1551.5 1551.8
3 key 1551.52 1551.56
3 key 1556.8 1556.14
3 key 1557.5 1557.10
3 key 1558.1 1558.6
3 key 1559.8 1559.11
3 rem 1560.0 1560.0lineend
3 key 1559.25 1559.29
3 key 1565.1 1565.6
3 key 1566.8 1566.11
3 rem 1567.0 1567.0lineend
3 key 1566.25 1566.29
3 rem 1574.0 1574.0lineend
3 key 1575.5 1575.8
3 key 1575.48 1575.52
3 key 1580.8 1580.14
3 key 1581.5 1581.10
3 key 1582.5 1582.8
3 key 1582.50 1582.54
3 key 1587.8 1587.14
3 key 1588.5 1588.10
3 key 1589.5 1589.8
3 key 1589.50 1589.54
3 key 1594.8 1594.14
3 key 1595.5 1595.10
3 key 1596.5 1596.8
3 key 1596.50 1596.54
3 key 1601.8 1601.14
3 key 1602.5 1602.10
3 key 1603.5 1603.8
3 key 1603.50 1603.54
3 key 1608.8 1608.14
3 key 1609.5 1609.10
3 key 1610.5 1610.8
3 key 1610.50 1610.54
3 key 1615.8 1615.14
3 key 1616.5 1616.10
3 key 1617.1 1617.6
3 key 1618.8 1618.11
3 rem 1619.0 1619.0lineend
3 key 1618.26 1618.30
3 rem 1627.0 1627.0lineend
3 key 1626.1 1626.6
3 key 1628.8 1628.11
3 rem 1629.0 1629.0lineend
3 key 1628.26 1628.30
3 rem 1641.0 1641.0lineend
3 key 1640.1 1640.6
3 key 1642.8 1642.11
3 rem 1643.0 1643.0lineend
3 key 1642.26 1642.30
3 key 1647.5 1647.10
3 cont 1648.5 1648.6
3 rem 1656.0 1656.0lineend
3 key 1655.1 1655.6
3 key 1657.8 1657.13
3 cont 1658.5 1658.6
3 cont 1659.5 1659.6
3 rem 1662.0 1662.0lineend
3 key 1660.1 1660.4
3 key 1664.6 1664.10
3 key 1664.13 1664.22
3 rem 1664.52 1664.52lineend
3 key 1665.6 1665.14
3 rem 1666.0 1666.0lineend
3 rem 1668.39 1668.39lineend
3 rem 1671.0 1671.0lineend
3 rem 1672.0 1672.0lineend
3 rem 1673.0 1673.0lineend
3 rem 1674.0 1674.0lineend
3 key 1675.6 1675.11
3 cont 1676.5 1676.6
3 cont 1677.5 1677.6
3 cont 1678.5 1678.6
3 cont 1679.5 1679.6
3 cont 1680.5 1680.6
3 key 1684.6 1684.12
3 rem 1686.0 1686.0lineend
3 rem 1687.0 1687.0lineend
3 rem 1688.0 1688.0lineend
3 key 1685.6 1685.9
3 key 1689.8 1689.19
3 cont 1690.5 1690.6
3 rem 1691.0 1691.0lineend
3 key 1692.1 1692.10
3 key 1692.10 1692.14
3 key 1693.1 1693.9
3 rem 1694.0 1694.0lineend
3 rem 1695.0 1695.0lineend
3 key 1696.8 1696.15
3 key 1697.8 1697.15
3 key 1698.1 1698.8
3 key 1699.1 1699.8
3 key 1700.1 1700.5
3 key 1701.1 1701.5
3 key 1702.1 1702.5
3 rem 1703.0 1703.0lineend
3 rem 1704.0 1704.0lineend
3 key 1705.1 1705.8
3 key 1706.8 1706.15
3 key 1707.1 1707.8
3 key 1708.1 1708.8
3 key 1709.8 1709.12
3 key 1710.1 1710.5
3 key 1711.1 1711.5
3 key 1712.1 1712.5
3 key 1713.1 1713.5
3 key 1714.8 1714.12
3 key 1715.1 1715.5
3 key 1716.1 1716.5
3 key 1717.8 1717.12
3 rem 1718.0 1718.0lineend
3 rem 1719.0 1719.0lineend
3 key 1720.8 1720.15
3 key 1721.8 1721.12
3 key 1722.8 1722.12
3 key 1723.1 1723.5
3 rem 1724.0 1724.0lineend
3 key 1725.8 1725.14
3 key 1726.8 1726.15
3 key 1727.1 1727.8
3 key 1728.8 1728.15
3 cont 1729.5 1729.6
3 cont 1730.5 1730.6
3 key 1731.1 1731.8
3 key 1732.1 1732.8
3 key 1733.8 1733.14
3 rem 1734.0 1734.0lineend
3 key 1735.8 1735.11
3 key 1736.4 1736.7
3 key 1738.4 1738.9
3 rem 1740.0 1740.0lineend
3 key 1739.1 1739.6
3 key 1745.1 1745.4
3 key 1745.18 1745.22
3 key 1747.4 1747.9
3 key 1748.4 1748.9
3 key 1749.4 1749.9
3 key 1750.4 1750.9
3 key 1751.4 1751.9
3 key 1752.4 1752.9
3 key 1753.1 1753.6
3 key 1754.1 1754.4
3 key 1754.18 1754.22
3 key 1756.4 1756.9
3 key 1757.4 1757.9
3 key 1758.4 1758.9
3 key 1759.4 1759.9
3 key 1760.4 1760.9
3 key 1761.4 1761.9
3 key 1762.1 1762.6
3 key 1763.1 1763.4
3 key 1763.18 1763.22
3 key 1765.4 1765.9
3 key 1766.4 1766.9
3 key 1767.4 1767.9
3 key 1768.4 1768.9
3 key 1769.4 1769.9
3 key 1770.4 1770.9
3 key 1771.1 1771.6
3 key 1772.1 1772.4
3 key 1772.19 1772.23
3 key 1774.4 1774.9
3 key 1775.4 1775.9
3 key 1776.4 1776.9
3 key 1777.4 1777.9
3 key 1778.4 1778.9
3 key 1779.4 1779.9
3 rem 1781.0 1781.0lineend
3 key 1780.1 1780.6
3 key 1782.8 1782.13
3 key 1783.1 1783.4
3 key 1783.18 1783.23
3 key 1784.1 1784.4
3 key 1784.18 1784.23
3 key 1785.8 1785.11
3 key 1785.25 1785.29
3 key 1786.11 1786.14
3 key 1786.34 1786.39
3 key 1787.7 1787.10
3 key 1787.32 1787.36
3 key 1790.10 1790.15
3 key 1791.7 1791.12
3 key 1792.4 1792.8
3 key 1793.7 1793.10
3 cont 1794.5 1794.6
3 key 1794.53 1794.57
3 key 1799.10 1799.13
3 cont 1801.5 1801.6
3 key 1802.10 1802.15
3 key 1803.14 1803.19
3 key 1804.4 1804.9
3 rem 1806.0 1806.0lineend
3 key 1805.1 1805.6
3 key 1807.8 1807.13
3 key 1809.1 1809.4
3 key 1809.21 1809.25
3 key 1813.1 1813.6
3 key 1814.1 1814.4
3 key 1814.21 1814.25
3 key 1818.5 1818.10
3 key 1819.8 1819.13
3 key 1820.1 1820.4
3 key 1820.21 1820.25
3 key 1824.5 1824.10
3 key 1825.5 1825.10
3 key 1826.1 1826.6
3 key 1827.1 1827.4
3 key 1827.21 1827.25
3 key 1831.5 1831.10
3 key 1832.5 1832.10
3 key 1833.1 1833.6
3 key 1834.1 1834.4
3 key 1834.21 1834.25
3 key 1838.5 1838.10
3 key 1839.5 1839.10
3 key 1840.1 1840.6
3 key 1841.1 1841.4
3 key 1841.21 1841.25
3 key 1845.5 1845.10
3 key 1846.5 1846.10
3 key 1847.1 1847.6
3 key 1848.1 1848.4
3 key 1848.21 1848.25
3 key 1852.5 1852.10
3 key 1853.5 1853.10
3 key 1854.1 1854.6
3 key 1855.1 1855.4
3 key 1855.21 1855.25
3 key 1859.5 1859.10
3 key 1860.5 1860.10
3 key 1861.1 1861.6
3 key 1862.1 1862.4
3 key 1862.21 1862.25
3 key 1866.5 1866.10
3 rem 1868.0 1868.0lineend
3 rem 1869.0 1869.0lineend
3 rem 1870.0 1870.0lineend
3 key 1867.1 1867.6
3 key 1871.8 1871.11
3 rem 1872.0 1872.0lineend
3 key 1871.25 1871.29
3 key 1873.5 1873.8
3 key 1874.5 1874.8
3 cont 1875.5 1875.6
3 key 1876.5 1876.8
3 cont 1877.5 1877.6
3 key 1878.5 1878.8
3 rem 1879.0 1879.0lineend
3 key 1880.5 1880.8
3 cont 1881.5 1881.6
3 key 1881.34 1881.38
3 key 1886.8 1886.14
3 key 1887.5 1887.10
3 key 1888.1 1888.6
3 key 1889.8 1889.11
3 rem 1890.0 1890.0lineend
3 key 1889.25 1889.29
3 key 1891.5 1891.8
3 key 1892.5 1892.8
3 cont 1893.5 1893.6
3 key 1894.5 1894.8
3 cont 1895.5 1895.6
3 key 1896.5 1896.8
3 cont 1897.5 1897.6
3 key 1898.5 1898.8
3 cont 1899.5 1899.6
3 key 1900.5 1900.8
3 cont 1901.5 1901.6
3 key 1902.5 1902.8
3 key 1903.5 1903.8
3 rem 1904.0 1904.0lineend
3 key 1905.5 1905.8
3 cont 1906.5 1906.6
3 key 1906.34 1906.38
3 key 1911.8 1911.14
3 key 1912.5 1912.10
3 key 1913.1 1913.6
3 key 1914.8 1914.11
3 rem 1915.0 1915.0lineend
3 key 1914.25 1914.29
3 key 1916.5 1916.8
3 key 1917.5 1917.8
3 cont 1918.5 1918.6
3 key 1919.5 1919.8
3 cont 1920.5 1920.6
3 key 1921.5 1921.8
3 cont 1922.5 1922.6
3 key 1923.5 1923.8
3 cont 1924.5 1924.6
3 key 1925.5 1925.8
3 rem 1926.0 1926.0lineend
3 key 1927.5 1927.8
3 cont 1928.5 1928.6
3 key 1928.34 1928.38
3 key 1933.8 1933.14
3 key 1934.5 1934.10
3 key 1935.8 1935.13
3 key 1936.8 1936.11
3 rem 1937.0 1937.0lineend
3 key 1936.25 1936.29
3 key 1938.5 1938.8
3 key 1939.5 1939.8
3 cont 1940.5 1940.6
3 key 1941.5 1941.8
3 cont 1942.5 1942.6
3 key 1943.5 1943.8
3 cont 1944.5 1944.6
3 key 1945.5 1945.8
3 cont 1946.5 1946.6
3 key 1947.5 1947.8
3 cont 1948.5 1948.6
3 key 1949.5 1949.8
3 rem 1950.0 1950.0lineend
3 key 1951.5 1951.8
3 cont 1952.5 1952.6
3 key 1952.34 1952.38
3 key 1957.8 1957.14
3 key 1958.5 1958.10
3 key 1959.1 1959.6
3 key 1960.8 1960.11
3 rem 1961.0 1961.0lineend
3 key 1960.25 1960.29
3 rem 1965.0 1965.0lineend
3 key 1966.5 1966.8
3 key 1966.49 1966.53
3 key 1971.8 1971.14
3 key 1972.5 1972.10
3 key 1973.5 1973.8
3 key 1973.48 1973.52
3 key 1978.8 1978.14
3 key 1979.5 1979.10
3 key 1980.5 1980.8
3 key 1980.47 1980.51
3 key 1985.8 1985.14
3 key 1986.5 1986.10
3 key 1987.1 1987.6
3 key 1988.8 1988.11
3 rem 1989.0 1989.0lineend
3 key 1988.25 1988.29
3 rem 1994.0 1994.0lineend
3 key 1995.5 1995.8
3 key 1995.49 1995.53
3 key 2000.8 2000.14
3 key 2001.5 2001.10
3 key 2002.5 2002.8
3 key 2002.51 2002.55
3 key 2007.8 2007.14
3 key 2008.5 2008.10
3 key 2009.5 2009.8
3 key 2009.52 2009.56
3 key 2014.8 2014.14
3 key 2015.5 2015.10
3 key 2016.5 2016.8
3 key 2016.52 2016.56
3 key 2021.8 2021.14
3 key 2022.5 2022.10
3 key 2023.1 2023.6
3 key 2024.8 2024.11
3 rem 2025.0 2025.0lineend
3 key 2024.25 2024.29
3 key 2030.1 2030.6
3 key 2031.8 2031.11
3 rem 2032.0 2032.0lineend
3 key 2031.25 2031.29
3 rem 2039.0 2039.0lineend
3 key 2040.5 2040.8
3 key 2040.48 2040.52
3 key 2045.8 2045.14
3 key 2046.5 2046.10
3 key 2047.5 2047.8
3 key 2047.50 2047.54
3 key 2052.8 2052.14
3 key 2053.5 2053.10
3 key 2054.5 2054.8
3 key 2054.50 2054.54
3 key 2059.8 2059.14
3 key 2060.5 2060.10
3 key 2061.5 2061.8
3 key 2061.50 2061.54
3 key 2066.8 2066.14
3 key 2067.5 2067.10
3 key 2068.5 2068.8
3 key 2068.50 2068.54
3 key 2073.8 2073.14
3 key 2074.5 2074.10
3 key 2075.5 2075.8
3 key 2075.50 2075.54
3 key 2080.8 2080.14
3 key 2081.5 2081.10
3 key 2082.1 2082.6
3 key 2083.8 2083.11
3 rem 2084.0 2084.0lineend
3 key 2083.26 2083.30
3 rem 2092.0 2092.0lineend
3 key 2091.1 2091.6
3 key 2093.8 2093.11
3 rem 2094.0 2094.0lineend
3 key 2093.26 2093.30
3 rem 2106.0 2106.0lineend
3 key 2105.1 2105.6
3 key 2107.8 2107.11
3 rem 2108.0 2108.0lineend
3 key 2107.26 2107.30
3 key 2112.5 2112.10
3 cont 2113.5 2113.6
3 rem 2121.0 2121.0lineend
3 key 2120.1 2120.6
3 key 2122.8 2122.13
3 cont 2123.5 2123.6
3 rem 2126.0 2126.0lineend
3 key 2124.1 2124.4
3 key 2128.6 2128.10
3 key 2128.13 2128.22
3 rem 2128.53 2128.53lineend
3 key 2129.6 2129.14
3 rem 2130.0 2130.0lineend
3 rem 2132.39 2132.39lineend
3 rem 2135.0 2135.0lineend
3 rem 2136.0 2136.0lineend
3 rem 2137.0 2137.0lineend
3 rem 2138.0 2138.0lineend
3 key 2139.6 2139.11
3 cont 2140.5 2140.6
3 cont 2141.5 2141.6
3 cont 2142.5 2142.6
3 cont 2143.5 2143.6
3 key 2147.6 2147.12
3 rem 2149.0 2149.0lineend
3 rem 2150.0 2150.0lineend
3 rem 2151.0 2151.0lineend
3 key 2148.6 2148.9
3 key 2152.8 2152.19
3 cont 2153.5 2153.6
3 rem 2154.0 2154.0lineend
3 key 2155.1 2155.10
3 key 2155.10 2155.14
3 key 2156.1 2156.9
3 rem 2157.0 2157.0lineend
3 rem 2158.0 2158.0lineend
3 key 2159.8 2159.15
3 key 2160.8 2160.15
3 key 2161.1 2161.8
3 key 2162.1 2162.8
3 key 2163.1 2163.5
3 key 2164.1 2164.5
3 key 2165.1 2165.5
3 key 2166.1 2166.5
3 rem 2167.0 2167.0lineend
3 rem 2168.0 2168.0lineend
3 key 2169.1 2169.8
3 key 2170.8 2170.15
3 key 2171.1 2171.8
3 key 2172.1 2172.8
3 key 2173.8 2173.12
3 key 2174.1 2174.5
3 key 2175.1 2175.5
3 key 2176.1 2176.5
3 key 2177.1 2177.5
3 key 2178.8 2178.12
3 key 2179.1 2179.5
3 key 2180.1 2180.5
3 key 2181.8 2181.12
3 key 2182.1 2182.5
3 rem 2183.0 2183.0lineend
3 rem 2184.0 2184.0lineend
3 key 2185.8 2185.12
3 rem 2186.0 2186.0lineend
3 key 2187.8 2187.14
3 key 2188.8 2188.15
3 key 2189.1 2189.8
3 key 2190.8 2190.15
3 cont 2191.5 2191.6
3 cont 2192.5 2192.6
3 key 2193.1 2193.8
3 key 2194.1 2194.8
3 key 2195.8 2195.14
3 rem 2196.0 2196.0lineend
3 key 2200.1 2200.4
3 key 2200.18 2200.22
3 key 2202.4 2202.9
3 key 2203.4 2203.9
3 key 2204.4 2204.9
3 key 2205.4 2205.9
3 key 2206.4 2206.9
3 key 2207.4 2207.9
3 key 2208.1 2208.6
3 key 2209.1 2209.4
3 key 2209.18 2209.22
3 key 2211.4 2211.9
3 key 2212.4 2212.9
3 key 2213.4 2213.9
3 key 2214.4 2214.9
3 key 2215.4 2215.9
3 key 2216.4 2216.9
3 key 2217.1 2217.6
3 key 2218.1 2218.4
3 key 2218.18 2218.22
3 key 2220.4 2220.9
3 key 2221.4 2221.9
3 key 2222.4 2222.9
3 key 2223.4 2223.9
3 key 2224.4 2224.9
3 key 2225.4 2225.9
3 key 2226.1 2226.6
3 key 2227.1 2227.4
3 key 2227.19 2227.23
3 key 2229.4 2229.9
3 key 2230.4 2230.9
3 key 2231.4 2231.9
3 key 2232.4 2232.9
3 key 2233.4 2233.9
3 key 2234.4 2234.9
3 rem 2236.0 2236.0lineend
3 key 2235.1 2235.6
3 key 2237.8 2237.13
3 key 2238.1 2238.4
3 key 2238.18 2238.23
3 key 2239.1 2239.4
3 key 2239.18 2239.23
3 key 2240.8 2240.11
3 key 2240.25 2240.29
3 key 2241.11 2241.14
3 key 2241.34 2241.39
3 key 2242.7 2242.10
3 key 2242.32 2242.36
3 key 2245.10 2245.15
3 key 2246.7 2246.12
3 key 2247.4 2247.8
3 key 2248.7 2248.10
3 cont 2249.5 2249.6
3 key 2249.53 2249.57
3 key 2254.10 2254.13
3 cont 2256.5 2256.6
3 key 2257.10 2257.15
3 key 2258.14 2258.19
3 key 2259.4 2259.9
3 rem 2261.0 2261.0lineend
3 key 2260.1 2260.6
3 key 2262.8 2262.13
3 key 2264.1 2264.4
3 key 2264.21 2264.25
3 key 2268.1 2268.6
3 key 2269.1 2269.4
3 key 2269.21 2269.25
3 key 2273.5 2273.10
3 key 2274.8 2274.13
3 key 2275.1 2275.4
3 key 2275.21 2275.25
3 key 2279.5 2279.10
3 key 2280.5 2280.10
3 key 2281.1 2281.6
3 key 2282.1 2282.4
3 key 2282.21 2282.25
3 key 2286.5 2286.10
3 key 2287.5 2287.10
3 key 2288.1 2288.6
3 key 2289.1 2289.4
3 key 2289.21 2289.25
3 key 2293.5 2293.10
3 key 2294.5 2294.10
3 key 2295.1 2295.6
3 key 2296.1 2296.4
3 key 2296.21 2296.25
3 key 2300.5 2300.10
3 key 2301.5 2301.10
3 key 2302.1 2302.6
3 key 2303.1 2303.4
3 key 2303.21 2303.25
3 key 2307.5 2307.10
3 key 2308.5 2308.10
3 key 2309.1 2309.6
3 key 2310.1 2310.4
3 key 2310.21 2310.25
3 key 2314.5 2314.10
3 key 2315.5 2315.10
3 key 2316.1 2316.6
3 key 2317.1 2317.4
3 key 2317.21 2317.25
3 key 2321.5 2321.10
3 rem 2323.0 2323.0lineend
3 rem 2324.0 2324.0lineend
3 rem 2325.0 2325.0lineend
3 key 2322.1 2322.6
3 key 2326.8 2326.11
3 rem 2327.0 2327.0lineend
3 key 2326.25 2326.29
3 key 2328.5 2328.8
3 key 2329.5 2329.8
3 cont 2330.5 2330.6
3 key 2331.5 2331.8
3 cont 2332.5 2332.6
3 key 2333.5 2333.8
3 rem 2334.0 2334.0lineend
3 key 2335.5 2335.8
3 cont 2336.5 2336.6
3 key 2336.34 2336.38
3 key 2342.8 2342.14
3 key 2343.5 2343.10
3 key 2344.1 2344.6
3 key 2345.8 2345.11
3 rem 2346.0 2346.0lineend
3 key 2345.25 2345.29
3 key 2347.5 2347.8
3 key 2348.5 2348.8
3 cont 2349.5 2349.6
3 key 2350.5 2350.8
3 cont 2351.5 2351.6
3 key 2352.5 2352.8
3 cont 2353.5 2353.6
3 key 2354.5 2354.8
3 cont 2355.5 2355.6
3 key 2356.5 2356.8
3 cont 2357.5 2357.6
3 key 2358.5 2358.8
3 key 2359.5 2359.8
3 rem 2360.0 2360.0lineend
3 key 2361.5 2361.8
3 cont 2362.5 2362.6
3 key 2362.34 2362.38
3 key 2368.8 2368.14
3 key 2369.5 2369.10
3 key 2370.1 2370.6
3 key 2371.8 2371.11
3 rem 2372.0 2372.0lineend
3 key 2371.25 2371.29
3 key 2373.5 2373.8
3 key 2374.5 2374.8
3 cont 2375.5 2375.6
3 key 2376.5 2376.8
3 cont 2377.5 2377.6
3 key 2378.5 2378.8
3 cont 2379.5 2379.6
3 key 2380.5 2380.8
3 cont 2381.5 2381.6
3 key 2382.5 2382.8
3 rem 2383.0 2383.0lineend
3 key 2384.5 2384.8
3 cont 2385.5 2385.6
3 key 2385.34 2385.38
3 key 2391.8 2391.14
3 key 2392.5 2392.10
3 key 2393.8 2393.13
3 key 2394.8 2394.11
3 rem 2395.0 2395.0lineend
3 key 2394.25 2394.29
3 key 2396.5 2396.8
3 key 2397.5 2397.8
3 cont 2398.5 2398.6
3 key 2399.5 2399.8
3 cont 2400.5 2400.6
3 key 2401.5 2401.8
3 cont 2402.5 2402.6
3 key 2403.5 2403.8
3 cont 2404.5 2404.6
3 key 2405.5 2405.8
3 cont 2406.5 2406.6
3 key 2407.5 2407.8
3 rem 2408.0 2408.0lineend
3 key 2409.5 2409.8
3 cont 2410.5 2410.6
3 key 2410.34 2410.38
3 key 2416.8 2416.14
3 key 2417.5 2417.10
3 key 2418.1 2418.6
3 key 2419.8 2419.11
3 rem 2420.0 2420.0lineend
3 key 2419.25 2419.29
3 rem 2424.0 2424.0lineend
3 key 2425.5 2425.8
3 key 2425.49 2425.53
3 key 2431.8 2431.14
3 key 2432.5 2432.10
3 key 2433.5 2433.8
3 key 2433.48 2433.52
3 key 2439.8 2439.14
3 key 2440.5 2440.10
3 key 2441.5 2441.8
3 key 2441.47 2441.51
3 key 2447.8 2447.14
3 key 2448.5 2448.10
3 key 2449.1 2449.6
3 key 2450.8 2450.11
3 rem 2451.0 2451.0lineend
3 key 2450.25 2450.29
3 rem 2456.0 2456.0lineend
3 key 2457.5 2457.8
3 key 2457.49 2457.53
3 key 2463.8 2463.14
3 key 2464.5 2464.10
3 key 2465.5 2465.8
3 key 2465.51 2465.55
3 key 2471.8 2471.14
3 key 2472.5 2472.10
3 key 2473.5 2473.8
3 key 2473.52 2473.56
3 key 2479.8 2479.14
3 key 2480.5 2480.10
3 key 2481.5 2481.8
3 key 2481.52 2481.56
3 key 2487.8 2487.14
3 key 2488.5 2488.10
3 key 2489.1 2489.6
3 key 2490.8 2490.11
3 rem 2491.0 2491.0lineend
3 key 2490.25 2490.29
3 key 2496.1 2496.6
3 key 2497.8 2497.11
3 rem 2498.0 2498.0lineend
3 key 2497.25 2497.29
3 rem 2505.0 2505.0lineend
3 key 2506.5 2506.8
3 key 2506.48 2506.52
3 key 2512.8 2512.14
3 key 2513.5 2513.10
3 key 2514.5 2514.8
3 key 2514.50 2514.54
3 key 2520.8 2520.14
3 key 2521.5 2521.10
3 key 2522.5 2522.8
3 key 2522.50 2522.54
3 key 2528.8 2528.14
3 key 2529.5 2529.10
3 key 2530.5 2530.8
3 key 2530.50 2530.54
3 key 2536.8 2536.14
3 key 2537.5 2537.10
3 key 2538.5 2538.8
3 key 2538.50 2538.54
3 key 2544.8 2544.14
3 key 2545.5 2545.10
3 key 2546.5 2546.8
3 key 2546.50 2546.54
3 key 2552.8 2552.14
3 key 2553.5 2553.10
3 key 2554.1 2554.6
3 key 2555.8 2555.11
3 rem 2556.0 2556.0lineend
3 key 2555.26 2555.30
3 rem 2564.0 2564.0lineend
3 key 2563.1 2563.6
3 key 2565.8 2565.11
3 rem 2566.0 2566.0lineend
3 key 2565.26 2565.30
3 rem 2578.0 2578.0lineend
3 key 2577.1 2577.6
3 key 2579.8 2579.11
3 rem 2580.0 2580.0lineend
3 key 2579.26 2579.30
3 key 2584.5 2584.10
3 cont 2585.5 2585.6
3 rem 2593.0 2593.0lineend
3 key 2592.1 2592.6
3 key 2594.8 2594.11
3 key 2594.29 2594.34
3 key 2596.10 2596.15
3 key 2597.3 2597.6
3 key 2597.19 2597.23
3 key 2603.3 2603.7
3 key 2605.3 2605.8
3 key 2606.3 2606.9
3 rem 2608.0 2608.0lineend
3 key 2607.1 2607.10
3 key 2609.8 2609.13
3 cont 2610.5 2610.6
3 rem 2615.0 2615.0lineend
3 key 2611.1 2611.4
3 key 2617.6 2617.10
3 key 2617.13 2617.22
3 rem 2617.51 2617.51lineend
3 key 2618.6 2618.14
3 rem 2619.0 2619.0lineend
3 rem 2621.39 2621.39lineend
3 rem 2624.0 2624.0lineend
3 rem 2625.0 2625.0lineend
3 rem 2626.0 2626.0lineend
3 rem 2627.0 2627.0lineend
3 key 2628.6 2628.11
3 cont 2629.5 2629.6
3 cont 2630.5 2630.6
3 cont 2631.5 2631.6
3 key 2635.6 2635.12
3 rem 2637.0 2637.0lineend
3 rem 2638.0 2638.0lineend
3 rem 2639.0 2639.0lineend
3 key 2636.6 2636.9
3 key 2640.8 2640.19
3 cont 2641.5 2641.6
3 rem 2642.0 2642.0lineend
3 key 2643.1 2643.10
3 key 2643.10 2643.14
3 key 2644.1 2644.9
3 rem 2645.0 2645.0lineend
3 rem 2646.0 2646.0lineend
3 key 2647.8 2647.15
3 key 2648.8 2648.15
3 key 2649.1 2649.8
3 key 2650.1 2650.8
3 key 2651.1 2651.5
3 key 2652.1 2652.5
3 key 2653.1 2653.5
3 rem 2654.0 2654.0lineend
3 rem 2655.0 2655.0lineend
3 key 2656.1 2656.8
3 key 2657.8 2657.15
3 key 2658.1 2658.8
3 key 2659.1 2659.8
3 key 2660.8 2660.12
3 key 2661.1 2661.5
3 key 2662.1 2662.5
3 key 2663.1 2663.5
3 key 2664.1 2664.5
3 key 2665.8 2665.12
3 key 2666.1 2666.5
3 key 2667.1 2667.5
3 key 2668.8 2668.12
3 rem 2669.0 2669.0lineend
3 rem 2670.0 2670.0lineend
3 key 2671.8 2671.12
3 key 2672.1 2672.5
3 rem 2673.0 2673.0lineend
3 key 2674.8 2674.14
3 key 2675.8 2675.15
3 key 2676.1 2676.8
3 key 2677.8 2677.15
3 cont 2678.5 2678.6
3 cont 2679.5 2679.6
3 key 2680.1 2680.8
3 key 2681.1 2681.8
3 key 2682.8 2682.14
3 rem 2683.0 2683.0lineend
3 key 2687.1 2687.4
3 key 2687.18 2687.22
3 key 2689.4 2689.9
3 key 2690.4 2690.9
3 key 2691.4 2691.9
3 key 2692.4 2692.9
3 key 2693.4 2693.9
3 key 2694.4 2694.9
3 key 2695.1 2695.6
3 key 2696.1 2696.4
3 key 2696.18 2696.22
3 key 2698.4 2698.9
3 key 2699.4 2699.9
3 key 2700.4 2700.9
3 key 2701.4 2701.9
3 key 2702.4 2702.9
3 key 2703.4 2703.9
3 key 2704.1 2704.6
3 key 2705.1 2705.4
3 key 2705.18 2705.22
3 key 2707.4 2707.9
3 key 2708.4 2708.9
3 key 2709.4 2709.9
3 key 2710.4 2710.9
3 key 2711.4 2711.9
3 key 2712.4 2712.9
3 key 2713.1 2713.6
3 key 2714.1 2714.4
3 key 2714.19 2714.23
3 key 2716.4 2716.9
3 key 2717.4 2717.9
3 key 2718.4 2718.9
3 key 2719.4 2719.9
3 key 2720.4 2720.9
3 key 2721.4 2721.9
3 key 2722.1 2722.6
3 rem 2724.0 2724.0lineend
3 key 2725.8 2725.13
3 key 2726.1 2726.4
3 key 2726.18 2726.23
3 key 2727.1 2727.4
3 key 2727.18 2727.23
3 key 2728.8 2728.11
3 key 2728.25 2728.29
3 key 2729.11 2729.14
3 key 2729.34 2729.39
3 key 2730.7 2730.10
3 key 2730.32 2730.36
3 key 2733.10 2733.15
3 key 2734.7 2734.12
3 key 2735.4 2735.8
3 key 2736.7 2736.10
3 cont 2737.5 2737.6
3 key 2737.53 2737.57
3 key 2742.10 2742.13
3 cont 2744.5 2744.6
3 key 2745.10 2745.15
3 key 2746.14 2746.19
3 key 2747.4 2747.9
3 rem 2749.0 2749.0lineend
3 key 2748.1 2748.6
3 key 2750.8 2750.13
3 key 2752.1 2752.4
3 key 2752.21 2752.25
3 key 2756.1 2756.6
3 key 2757.1 2757.4
3 key 2757.21 2757.25
3 key 2761.5 2761.10
3 key 2762.8 2762.13
3 key 2763.1 2763.4
3 key 2763.21 2763.25
3 key 2767.5 2767.10
3 key 2768.5 2768.10
3 key 2769.1 2769.6
3 key 2770.1 2770.4
3 key 2770.21 2770.25
3 key 2774.5 2774.10
3 key 2775.5 2775.10
3 key 2776.1 2776.6
3 key 2777.1 2777.4
3 key 2777.21 2777.25
3 key 2781.5 2781.10
3 key 2782.5 2782.10
3 key 2783.1 2783.6
3 key 2784.1 2784.4
3 key 2784.21 2784.25
3 key 2788.5 2788.10
3 key 2789.5 2789.10
3 key 2790.1 2790.6
3 key 2791.1 2791.4
3 key 2791.21 2791.25
3 key 2795.5 2795.10
3 key 2796.5 2796.10
3 key 2797.1 2797.6
3 key 2798.1 2798.4
3 key 2798.21 2798.25
3 key 2802.5 2802.10
3 key 2803.5 2803.10
3 key 2804.1 2804.6
3 key 2805.1 2805.4
3 key 2805.21 2805.25
3 key 2809.5 2809.10
3 rem 2811.0 2811.0lineend
3 rem 2812.0 2812.0lineend
3 rem 2813.0 2813.0lineend
3 key 2810.1 2810.6
3 key 2814.8 2814.11
3 rem 2815.0 2815.0lineend
3 key 2814.25 2814.29
3 key 2816.5 2816.8
3 key 281