3 key 2061.5 2061.8
3 key 2061.50 2061.54
3 key 2066.8 2066.14
3 key 2067.5 2067.10
3 key 2068.5 2068.8
3 key 2068.50 2068.54
3 key 2073.8 2073.14
3 key 2074.5 2074.10
3 key 2075.5 2075.8
3 key 2075.50 2075.54
3 key 2080.8 2080.14
3 key 2081.5 2081.10
3 key 2082.1 2082.6
3 key 2083.8 2083.11
3 rem 2084.0 2084.0lineend
3 key 2083.26 2083.30
3 rem 2092.0 2092.0lineend
3 key 2091.1 2091.6
3 key 2093.8 2093.11
3 rem 2094.0 2094.0lineend
3 key 2093.26 2093.30
3 rem 2106.0 2106.0lineend
3 key 2105.1 2105.6
3 key 2107.8 2107.11
3 rem 2108.0 2108.0lineend
3 key 2107.26 2107.30
3 key 2112.5 2112.10
3 cont 2113.5 2113.6
3 rem 2121.0 2121.0lineend
3 key 2120.1 2120.6
3 key 2122.8 2122.13
3 cont 2123.5 2123.6
3 rem 2126.0 2126.0lineend
3 key 2124.1 2124.4
3 key 2128.6 2128.10
3 key 2128.13 2128.22
3 rem 2128.53 2128.53lineend
3 key 2129.6 2129.14
3 rem 2130.0 2130.0lineend
3 rem 2132.39 2132.39lineend
3 rem 2135.0 2135.0lineend
3 rem 2136.0 2136.0lineend
3 rem 2137.0 2137.0lineend
3 rem 2138.0 2138.0lineend
3 key 2139.6 2139.11
3 cont 2140.5 2140.6
3 cont 2141.5 2141.6
3 cont 2142.5 2142.6
3 cont 2143.5 2143.6
3 key 2147.6 2147.12
3 rem 2149.0 2149.0lineend
3 rem 2150.0 2150.0lineend
3 rem 2151.0 2151.0lineend
3 key 2148.6 2148.9
3 key 2152.8 2152.19
3 cont 2153.5 2153.6
3 rem 2154.0 2154.0lineend
3 key 2155.1 2155.10
3 key 2155.10 2155.14
3 key 2156.1 2156.9
3 rem 2157.0 2157.0lineend
3 rem 2158.0 2158.0lineend
3 key 2159.8 2159.15
3 key 2160.8 2160.15
3 key 2161.1 2161.8
3 key 2162.1 2162.8
3 key 2163.1 2163.5
3 key 2164.1 2164.5
3 key 2165.1 2165.5
3 key 2166.1 2166.5
3 rem 2167.0 2167.0lineend
3 rem 2168.0 2168.0lineend
3 key 2169.1 2169.8
3 key 2170.8 2170.15
3 key 2171.1 2171.8
3 key 2172.1 2172.8
3 key 2173.8 2173.12
3 key 2174.1 2174.5
3 key 2175.1 2175.5
3 key 2176.1 2176.5
3 key 2177.1 2177.5
3 key 2178.8 2178.12
3 key 2179.1 2179.5
3 key 2180.1 2180.5
3 key 2181.8 2181.12
3 key 2182.1 2182.5
3 rem 2183.0 2183.0lineend
3 rem 2184.0 2184.0lineend
3 key 2185.8 2185.12
3 rem 2186.0 2186.0lineend
3 key 2187.8 2187.14
3 key 2188.8 2188.15
3 key 2189.1 2189.8
3 key 2190.8 2190.15
3 cont 2191.5 2191.6
3 cont 2192.5 2192.6
3 key 2193.1 2193.8
3 key 2194.1 2194.8
3 key 2195.8 2195.14
3 rem 2196.0 2196.0lineend
3 key 2200.1 2200.4
3 key 2200.18 2200.22
3 key 2202.4 2202.9
3 key 2203.4 2203.9
3 key 2204.4 2204.9
3 key 2205.4 2205.9
3 key 2206.4 2206.9
3 key 2207.4 2207.9
3 key 2208.1 2208.6
3 key 2209.1 2209.4
3 key 2209.18 2209.22
3 key 2211.4 2211.9
3 key 2212.4 2212.9
3 key 2213.4 2213.9
3 key 2214.4 2214.9
3 key 2215.4 2215.9
3 key 2216.4 2216.9
3 key 2217.1 2217.6
3 key 2218.1 2218.4
3 key 2218.18 2218.22
3 key 2220.4 2220.9
3 key 2221.4 2221.9
3 key 2222.4 2222.9
3 key 2223.4 2223.9
3 key 2224.4 2224.9
3 key 2225.4 2225.9
3 key 2226.1 2226.6
3 key 2227.1 2227.4
3 key 2227.19 2227.23
3 key 2229.4 2229.9
3 key 2230.4 2230.9
3 key 2231.4 2231.9
3 key 2232.4 2232.9
3 key 2233.4 2233.9
3 key 2234.4 2234.9
3 rem 2236.0 2236.0lineend
3 key 2235.1 2235.6
3 key 2237.8 2237.13
3 key 2238.1 2238.4
3 key 2238.18 2238.23
3 key 2239.1 2239.4
3 key 2239.18 2239.23
3 key 2240.8 2240.11
3 key 2240.25 2240.29
3 key 2241.11 2241.14
3 key 2241.34 2241.39
3 key 2242.7 2242.10
3 key 2242.32 2242.36
3 key 2245.10 2245.15
3 key 2246.7 2246.12
3 key 2247.4 2247.8
3 key 2248.7 2248.10
3 cont 2249.5 2249.6
3 key 2249.53 2249.57
3 key 2254.10 2254.13
3 cont 2256.5 2256.6
3 key 2257.10 2257.15
3 key 2258.14 2258.19
3 key 2259.4 2259.9
3 rem 2261.0 2261.0lineend
3 key 2260.1 2260.6
3 key 2262.8 2262.13
3 key 2264.1 2264.4
3 key 2264.21 2264.25
3 key 2268.1 2268.6
3 key 2269.1 2269.4
3 key 2269.21 2269.25
3 key 2273.5 2273.10
3 key 2274.8 2274.13
3 key 2275.1 2275.4
3 key 2275.21 2275.25
3 key 2279.5 2279.10
3 key 2280.5 2280.10
3 key 2281.1 2281.6
3 key 2282.1 2282.4
3 key 2282.21 2282.25
3 key 2286.5 2286.10
3 key 2287.5 2287.10
3 key 2288.1 2288.6
3 key 2289.1 2289.4
3 key 2289.21 2289.25
3 key 2293.5 2293.10
3 key 2294.5 2294.10
3 key 2295.1 2295.6
3 key 2296.1 2296.4
3 key 2296.21 2296.25
3 key 2300.5 2300.10
3 key 2301.5 2301.10
3 key 2302.1 2302.6
3 key 2303.1 2303.4
3 key 2303.21 2303.25
3 key 2307.5 2307.10
3 key 2308.5 2308.10
3 key 2309.1 2309.6
3 key 2310.1 2310.4
3 key 2310.21 2310.25
3 key 2314.5 2314.10
3 key 2315.5 2315.10
3 key 2316.1 2316.6
3 key 2317.1 2317.4
3 key 2317.21 2317.25
3 key 2321.5 2321.10
3 rem 2323.0 2323.0lineend
3 rem 2324.0 2324.0lineend
3 rem 2325.0 2325.0lineend
3 key 2322.1 2322.6
3 key 2326.8 2326.11
3 rem 2327.0 2327.0lineend
3 key 2326.25 2326.29
3 key 2328.5 2328.8
3 key 2329.5 2329.8
3 cont 2330.5 2330.6
3 key 2331.5 2331.8
3 cont 2332.5 2332.6
3 key 2333.5 2333.8
3 rem 2334.0 2334.0lineend
3 key 2335.5 2335.8
3 cont 2336.5 2336.6
3 key 2336.34 2336.38
3 key 2342.8 2342.14
3 key 2343.5 2343.10
3 key 2344.1 2344.6
3 key 2345.8 2345.11
3 rem 2346.0 2346.0lineend
3 key 2345.25 2345.29
3 key 2347.5 2347.8
3 key 2348.5 2348.8
3 cont 2349.5 2349.6
3 key 2350.5 2350.8
3 cont 2351.5 2351.6
3 key 2352.5 2352.8
3 cont 2353.5 2353.6
3 key 2354.5 2354.8
3 cont 2355.5 2355.6
3 key 2356.5 2356.8
3 cont 2357.5 2357.6
3 key 2358.5 2358.8
3 key 2359.5 2359.8
3 rem 2360.0 2360.0lineend
3 key 2361.5 2361.8
3 cont 2362.5 2362.6
3 key 2362.34 2362.38
3 key 2368.8 2368.14
3 key 2369.5 2369.10
3 key 2370.1 2370.6
3 key 2371.8 2371.11
3 rem 2372.0 2372.0lineend
3 key 2371.25 2371.29
3 key 2373.5 2373.8
3 key 2374.5 2374.8
3 cont 2375.5 2375.6
3 key 2376.5 2376.8
3 cont 2377.5 2377.6
3 key 2378.5 2378.8
3 cont 2379.5 2379.6
3 key 2380.5 2380.8
3 cont 2381.5 2381.6
3 key 2382.5 2382.8
3 rem 2383.0 2383.0lineend
3 key 2384.5 2384.8
3 cont 2385.5 2385.6
3 key 2385.34 2385.38
3 key 2391.8 2391.14
3 key 2392.5 2392.10
3 key 2393.8 2393.13
3 key 2394.8 2394.11
3 rem 2395.0 2395.0lineend
3 key 2394.25 2394.29
3 key 2396.5 2396.8
3 key 2397.5 2397.8
3 cont 2398.5 2398.6
3 key 2399.5 2399.8
3 cont 2400.5 2400.6
3 key 2401.5 2401.8
3 cont 2402.5 2402.6
3 key 2403.5 2403.8
3 cont 2404.5 2404.6
3 key 2405.5 2405.8
3 cont 2406.5 2406.6
3 key 2407.5 2407.8
3 rem 2408.0 2408.0lineend
3 key 2409.5 2409.8
3 cont 2410.5 2410.6
3 key 2410.34 2410.38
3 key 2416.8 2416.14
3 key 2417.5 2417.10
3 key 2418.1 2418.6
3 key 2419.8 2419.11
3 rem 2420.0 2420.0lineend
3 key 2419.25 2419.29
3 rem 2424.0 2424.0lineend
3 key 2425.5 2425.8
3 key 2425.49 2425.53
3 key 2431.8 2431.14
3 key 2432.5 2432.10
3 key 2433.5 2433.8
3 key 2433.48 2433.52
3 key 2439.8 2439.14
3 key 2440.5 2440.10
3 key 2441.5 2441.8
3 key 2441.47 2441.51
3 key 2447.8 2447.14
3 key 2448.5 2448.10
3 key 2449.1 2449.6
3 key 2450.8 2450.11
3 rem 2451.0 2451.0lineend
3 key 2450.25 2450.29
3 rem 2456.0 2456.0lineend
3 key 2457.5 2457.8
3 key 2457.49 2457.53
3 key 2463.8 2463.14
3 key 2464.5 2464.10
3 key 2465.5 2465.8
3 key 2465.51 2465.55
3 key 2471.8 2471.14
3 key 2472.5 2472.10
3 key 2473.5 2473.8
3 key 2473.52 2473.56
3 key 2479.8 2479.14
3 key 2480.5 2480.10
3 key 2481.5 2481.8
3 key 2481.52 2481.56
3 key 2487.8 2487.14
3 key 2488.5 2488.10
3 key 2489.1 2489.6
3 key 2490.8 2490.11
3 rem 2491.0 2491.0lineend
3 key 2490.25 2490.29
3 key 2496.1 2496.6
3 key 2497.8 2497.11
3 rem 2498.0 2498.0lineend
3 key 2497.25 2497.29
3 rem 2505.0 2505.0lineend
3 key 2506.5 2506.8
3 key 2506.48 2506.52
3 key 2512.8 2512.14
3 key 2513.5 2513.10
3 key 2514.5 2514.8
3 key 2514.50 2514.54
3 key 2520.8 2520.14
3 key 2521.5 2521.10
3 key 2522.5 2522.8
3 key 2522.50 2522.54
3 key 2528.8 2528.14
3 key 2529.5 2529.10
3 key 2530.5 2530.8
3 key 2530.50 2530.54
3 key 2536.8 2536.14
3 key 2537.5 2537.10
3 key 2538.5 2538.8
3 key 2538.50 2538.54
3 key 2544.8 2544.14
3 key 2545.5 2545.10
3 key 2546.5 2546.8
3 key 2546.50 2546.54
3 key 2552.8 2552.14
3 key 2553.5 2553.10
3 key 2554.1 2554.6
3 key 2555.8 2555.11
3 rem 2556.0 2556.0lineend
3 key 2555.26 2555.30
3 rem 2564.0 2564.0lineend
3 key 2563.1 2563.6
3 key 2565.8 2565.11
3 rem 2566.0 2566.0lineend
3 key 2565.26 2565.30
3 rem 2578.0 2578.0lineend
3 key 2577.1 2577.6
3 key 2579.8 2579.11
3 rem 2580.0 2580.0lineend
3 key 2579.26 2579.30
3 key 2584.5 2584.10
3 cont 2585.5 2585.6
3 rem 2593.0 2593.0lineend
3 key 2592.1 2592.6
3 key 2594.8 2594.11
3 key 2594.29 2594.34
3 key 2596.10 2596.15
3 key 2597.3 2597.6
3 key 2597.19 2597.23
3 key 2603.3 2603.7
3 key 2605.3 2605.8
3 key 2606.3 2606.9
3 rem 2608.0 2608.0lineend
3 key 2607.1 2607.10
3 key 2609.8 2609.13
3 cont 2610.5 2610.6
3 rem 2615.0 2615.0lineend
3 key 2611.1 2611.4
3 key 2617.6 2617.10
3 key 2617.13 2617.22
3 rem 2617.51 2617.51lineend
3 key 2618.6 2618.14
3 rem 2619.0 2619.0lineend
3 rem 2621.39 2621.39lineend
3 rem 2624.0 2624.0lineend
3 rem 2625.0 2625.0lineend
3 rem 2626.0 2626.0lineend
3 rem 2627.0 2627.0lineend
3 key 2628.6 2628.11
3 cont 2629.5 2629.6
3 cont 2630.5 2630.6
3 cont 2631.5 2631.6
3 key 2635.6 2635.12
3 rem 2637.0 2637.0lineend
3 rem 2638.0 2638.0lineend
3 rem 2639.0 2639.0lineend
3 key 2636.6 2636.9
3 key 2640.8 2640.19
3 cont 2641.5 2641.6
3 rem 2642.0 2642.0lineend
3 key 2643.1 2643.10
3 key 2643.10 2643.14
3 key 2644.1 2644.9
3 rem 2645.0 2645.0lineend
3 rem 2646.0 2646.0lineend
3 key 2647.8 2647.15
3 key 2648.8 2648.15
3 key 2649.1 2649.8
3 key 2650.1 2650.8
3 key 2651.1 2651.5
3 key 2652.1 2652.5
3 key 2653.1 2653.5
3 rem 2654.0 2654.0lineend
3 rem 2655.0 2655.0lineend
3 key 2656.1 2656.8
3 key 2657.8 2657.15
3 key 2658.1 2658.8
3 key 2659.1 2659.8
3 key 2660.8 2660.12
3 key 2661.1 2661.5
3 key 2662.1 2662.5
3 key 2663.1 2663.5
3 key 2664.1 2664.5
3 key 2665.8 2665.12
3 key 2666.1 2666.5
3 key 2667.1 2667.5
3 key 2668.8 2668.12
3 rem 2669.0 2669.0lineend
3 rem 2670.0 2670.0lineend
3 key 2671.8 2671.12
3 key 2672.1 2672.5
3 rem 2673.0 2673.0lineend
3 key 2674.8 2674.14
3 key 2675.8 2675.15
3 key 2676.1 2676.8
3 key 2677.8 2677.15
3 cont 2678.5 2678.6
3 cont 2679.5 2679.6
3 key 2680.1 2680.8
3 key 2681.1 2681.8
3 key 2682.8 2682.14
3 rem 2683.0 2683.0lineend
3 key 2687.1 2687.4
3 key 2687.18 2687.22
3 key 2689.4 2689.9
3 key 2690.4 2690.9
3 key 2691.4 2691.9
3 key 2692.4 2692.9
3 key 2693.4 2693.9
3 key 2694.4 2694.9
3 key 2695.1 2695.6
3 key 2696.1 2696.4
3 key 2696.18 2696.22
3 key 2698.4 2698.9
3 key 2699.4 2699.9
3 key 2700.4 2700.9
3 key 2701.4 2701.9
3 key 2702.4 2702.9
3 key 2703.4 2703.9
3 key 2704.1 2704.6
3 key 2705.1 2705.4
3 key 2705.18 2705.22
3 key 2707.4 2707.9
3 key 2708.4 2708.9
3 key 2709.4 2709.9
3 key 2710.4 2710.9
3 key 2711.4 2711.9
3 key 2712.4 2712.9
3 key 2713.1 2713.6
3 key 2714.1 2714.4
3 key 2714.19 2714.23
3 key 2716.4 2716.9
3 key 2717.4 2717.9
3 key 2718.4 2718.9
3 key 2719.4 2719.9
3 key 2720.4 2720.9
3 key 2721.4 2721.9
3 key 2722.1 2722.6
3 rem 2724.0 2724.0lineend
3 key 2725.8 2725.13
3 key 2726.1 2726.4
3 key 2726.18 2726.23
3 key 2727.1 2727.4
3 key 2727.18 2727.23
3 key 2728.8 2728.11
3 key 2728.25 2728.29
3 key 2729.11 2729.14
3 key 2729.34 2729.39
3 key 2730.7 2730.10
3 key 2730.32 2730.36
3 key 2733.10 2733.15
3 key 2734.7 2734.12
3 key 2735.4 2735.8
3 key 2736.7 2736.10
3 cont 2737.5 2737.6
3 key 2737.53 2737.57
3 key 2742.10 2742.13
3 cont 2744.5 2744.6
3 key 2745.10 2745.15
3 key 2746.14 2746.19
3 key 2747.4 2747.9
3 rem 2749.0 2749.0lineend
3 key 2748.1 2748.6
3 key 2750.8 2750.13
3 key 2752.1 2752.4
3 key 2752.21 2752.25
3 key 2756.1 2756.6
3 key 2757.1 2757.4
3 key 2757.21 2757.25
3 key 2761.5 2761.10
3 key 2762.8 2762.13
3 key 2763.1 2763.4
3 key 2763.21 2763.25
3 key 2767.5 2767.10
3 key 2768.5 2768.10
3 key 2769.1 2769.6
3 key 2770.1 2770.4
3 key 2770.21 2770.25
3 key 2774.5 2774.10
3 key 2775.5 2775.10
3 key 2776.1 2776.6
3 key 2777.1 2777.4
3 key 2777.21 2777.25
3 key 2781.5 2781.10
3 key 2782.5 2782.10
3 key 2783.1 2783.6
3 key 2784.1 2784.4
3 key 2784.21 2784.25
3 key 2788.5 2788.10
3 key 2789.5 2789.10
3 key 2790.1 2790.6
3 key 2791.1 2791.4
3 key 2791.21 2791.25
3 key 2795.5 2795.10
3 key 2796.5 2796.10
3 key 2797.1 2797.6
3 key 2798.1 2798.4
3 key 2798.21 2798.25
3 key 2802.5 2802.10
3 key 2803.5 2803.10
3 key 2804.1 2804.6
3 key 2805.1 2805.4
3 key 2805.21 2805.25
3 key 2809.5 2809.10
3 rem 2811.0 2811.0lineend
3 rem 2812.0 2812.0lineend
3 rem 2813.0 2813.0lineend
3 key 2810.1 2810.6
3 key 2814.8 2814.11
3 rem 2815.0 2815.0lineend
3 key 2814.25 2814.29
3 key 2816.5 2816.8
3 key 2817.5 2817.8
3 cont 2818.5 2818.6
3 key 2819.5 2819.8
3 cont 2820.5 2820.6
3 key 2821.5 2821.8
3 rem 2822.0 2822.0lineend
3 key 2823.5 2823.8
3 cont 2824.5 2824.6
3 key 2824.34 2824.38
3 key 2829.8 2829.14
3 key 2830.5 2830.10
3 key 2831.1 2831.6
3 key 2832.8 2832.11
3 rem 2833.0 2833.0lineend
3 key 2832.25 2832.29
3 key 2834.5 2834.8
3 key 2835.5 2835.8
3 cont 2836.5 2836.6
3 key 2837.5 2837.8
3 cont 2838.5 2838.6
3 key 2839.5 2839.8
3 cont 2840.5 2840.6
3 key 2841.5 2841.8
3 cont 2842.5 2842.6
3 key 2843.5 2843.8
3 cont 2844.5 2844.6
3 key 2845.5 2845.8
3 key 2846.5 2846.8
3 rem 2847.0 2847.0lineend
3 key 2848.5 2848.8
3 cont 2849.5 2849.6
3 key 2849.34 2849.38
3 key 2854.8 2854.14
3 key 2855.5 2855.10
3 key 2856.1 2856.6
3 key 2857.8 2857.11
3 rem 2858.0 2858.0lineend
3 key 2857.25 2857.29
3 key 2859.5 2859.8
3 key 2860.5 2860.8
3 cont 2861.5 2861.6
3 key 2862.5 2862.8
3 cont 2863.5 2863.6
3 key 2864.5 2864.8
3 cont 2865.5 2865.6
3 key 2866.5 2866.8
3 cont 2867.5 2867.6
3 key 2868.5 2868.8
3 rem 2869.0 2869.0lineend
3 key 2870.5 2870.8
3 cont 2871.5 2871.6
3 key 2871.34 2871.38
3 key 2876.8 2876.14
3 key 2877.5 2877.10
3 key 2878.8 2878.13
3 key 2879.8 2879.11
3 rem 2880.0 2880.0lineend
3 key 2879.25 2879.29
3 key 2881.5 2881.8
3 key 2882.5 2882.8
3 cont 2883.5 2883.6
3 key 2884.5 2884.8
3 cont 2885.5 2885.6
3 key 2886.5 2886.8
3 cont 2887.5 2887.6
3 key 2888.5 2888.8
3 cont 2889.5 2889.6
3 key 2890.5 2890.8
3 cont 2891.5 2891.6
3 key 2892.5 2892.8
3 rem 2893.0 2893.0lineend
3 key 2894.5 2894.8
3 cont 2895.5 2895.6
3 key 2895.34 2895.38
3 key 2900.8 2900.14
3 key 2901.5 2901.10
3 key 2902.1 2902.6
3 key 2903.8 2903.11
3 rem 2904.0 2904.0lineend
3 key 2903.25 2903.29
3 rem 2908.0 2908.0lineend
3 key 2909.5 2909.8
3 key 2909.49 2909.53
3 key 2914.8 2914.14
3 key 2915.5 2915.10
3 key 2916.5 2916.8
3 key 2916.48 2916.52
3 key 2921.8 2921.14
3 key 2922.5 2922.10
3 key 2923.5 2923.8
3 key 2923.47 2923.51
3 key 2928.8 2928.14
3 key 2929.5 2929.10
3 key 2930.1 2930.6
3 key 2931.8 2931.11
3 rem 2932.0 2932.0lineend
3 key 2931.25 2931.29
3 rem 2937.0 2937.0lineend
3 key 2938.5 2938.8
3 key 2938.49 2938.53
3 key 2943.8 2943.14
3 key 2944.5 2944.10
3 key 2945.5 2945.8
3 key 2945.51 2945.55
3 key 2950.8 2950.14
3 key 2951.5 2951.10
3 key 2952.5 2952.8
3 key 2952.52 2952.56
3 key 2957.8 2957.14
3 key 2958.5 2958.10
3 key 2959.5 2959.8
3 key 2959.52 2959.56
3 key 2964.8 2964.14
3 key 2965.5 2965.10
3 key 2966.1 2966.6
3 key 2967.8 2967.11
3 rem 2968.0 2968.0lineend
3 key 2967.25 2967.29
3 key 2973.1 2973.6
3 key 2974.8 2974.11
3 rem 2975.0 2975.0lineend
3 key 2974.25 2974.29
3 rem 2982.0 2982.0lineend
3 key 2983.5 2983.8
3 key 2983.48 2983.52
3 key 2988.8 2988.14
3 key 2989.5 2989.10
3 key 2990.5 2990.8
3 key 2990.50 2990.54
3 key 2995.8 2995.14
3 key 2996.5 2996.10
3 key 2997.5 2997.8
3 key 2997.50 2997.54
3 key 3002.8 3002.14
3 key 3003.5 3003.10
3 key 3004.5 3004.8
3 key 3004.50 3004.54
3 key 3009.8 3009.14
3 key 3010.5 3010.10
3 key 3011.5 3011.8
3 key 3011.50 3011.54
3 key 3016.8 3016.14
3 key 3017.5 3017.10
3 key 3018.5 3018.8
3 key 3018.50 3018.54
3 key 3023.8 3023.14
3 key 3024.5 3024.10
3 key 3025.1 3025.6
3 key 3026.8 3026.11
3 rem 3027.0 3027.0lineend
3 key 3026.26 3026.30
3 rem 3035.0 3035.0lineend
3 key 3034.1 3034.6
3 key 3036.8 3036.11
3 rem 3037.0 3037.0lineend
3 key 3036.26 3036.30
3 rem 3049.0 3049.0lineend
3 key 3048.1 3048.6
3 key 3050.8 3050.11
3 rem 3051.0 3051.0lineend
3 key 3050.26 3050.30
3 key 3055.5 3055.10
3 cont 3056.5 3056.6
3 rem 3064.0 3064.0lineend
3 rem 3065.0 3065.0lineend
3 key 3063.1 3063.6
3 key 3066.8 3066.13
3 cont 3067.5 3067.6
3 rem 3069.0 3069.0lineend
3 key 3068.1 3068.4
3 key 3071.6 3071.10
3 key 3071.13 3071.22
3 rem 3071.45 3071.45lineend
3 key 3072.6 3072.14
3 rem 3073.0 3073.0lineend
3 rem 3075.39 3075.39lineend
3 rem 3078.0 3078.0lineend
3 rem 3079.0 3079.0lineend
3 rem 3080.0 3080.0lineend
3 rem 3081.0 3081.0lineend
3 key 3082.6 3082.11
3 cont 3083.5 3083.6
3 cont 3084.5 3084.6
3 cont 3085.5 3085.6
3 key 3089.6 3089.12
3 rem 3091.0 3091.0lineend
3 rem 3092.0 3092.0lineend
3 rem 3093.0 3093.0lineend
3 key 3090.6 3090.9
3 key 3094.8 3094.19
3 cont 3095.5 3095.6
3 rem 3096.0 3096.0lin